[common]
s=1
p=1
r=0.050000
fr=0.005000
[indexdata]
v=50c56f53
c=89ba9a2c
